COSMOS 2426 (717)       
1 29671U 06062B   19228.61269961  .00000026  00000-0  10000-3 0  9993
2 29671  65.0904 278.2489 0021118 179.3868 313.4257  2.12961849 98381
COSMOS 2433 (720)       
1 32275U 07052A   19228.47264547 -.00000042  00000-0  10000-3 0  9995
2 32275  65.8787  39.1251 0001461 197.6309 171.9279  2.13104360 91893
COSMOS 2432 (719)       
1 32276U 07052B   19227.66301216 -.00000042  00000-0  10000-3 0  9991
2 32276  65.8900  39.2359 0009140 342.1800  77.2286  2.13103680 91874
COSMOS 2434 (721)       
1 32393U 07065A   19228.98609950  .00000025  00000-0  00000+0 0  9992
2 32393  64.6956 276.9045 0003039 146.2505 144.6472  2.13103034 90609
COSMOS 2436 (723)       
1 32395U 07065C   19228.64781426  .00000026  00000-0  10000-3 0  9992
2 32395  64.7049 276.9725 0014574 353.2658  90.6911  2.13104394 90535
COSMOS 2456 (730)       
1 36111U 09070A   19228.57831966 -.00000001  00000-0  00000+0 0  9996
2 36111  64.2050 156.5599 0005468 309.8745 201.3462  2.13103016 75265
COSMOS 2457 (733)       
1 36112U 09070B   19228.58331892 -.00000001  00000-0  00000+0 0  9991
2 36112  64.1868 156.4602 0004984 182.2737  97.5493  2.13101552 75264
COSMOS 2459 (731)       
1 36400U 10007A   19228.64888734 -.00000043  00000-0  10000-3 0  9993
2 36400  65.7770  38.1286 0025009 355.7294   4.5521  2.13102068 73624
COSMOS 2461 (735)       
1 36401U 10007B   19228.57879382 -.00000044  00000-0  10000-3 0  9996
2 36401  65.7756  38.1017 0008905  74.7330 142.3132  2.13102077 73614
COSMOS 2460 (732)       
1 36402U 10007C   19228.65096120 -.00000043  00000-0  10000-3 0  9996
2 36402  65.7661  38.0637 0002427 106.8528 205.2865  2.13101426 73615
COSMOS 2464 (736)       
1 37139U 10041C   19228.65482684  .00000026  00000-0  00000-0 0  9992
2 37139  64.2962 276.5089 0023359   8.5498 254.0481  2.13100715 69680
COSMOS 2474 (742)       
1 37829U 11055A   19228.68460791  .00000001  00000-0  00000+0 0  9994
2 37829  64.5264 157.4526 0010001 250.8681 198.0383  2.13101859 61267
COSMOS 2476 (744)       
1 37867U 11064A   19228.76304442  .00000002  00000-0  00000+0 0  9996
2 37867  64.5053 157.5006 0020072 242.1119 313.1350  2.13101954 60616
COSMOS 2477 (745)       
1 37868U 11064B   19228.65452589  .00000001  00000-0  00000-0 0  9991
2 37868  64.5144 157.5580 0017684 243.7412  46.9022  2.13101807 60561
COSMOS 2475 (743)       
1 37869U 11064C   19228.72478383  .00000002  00000-0  00000-0 0  9991
2 37869  64.5217 157.5537 0022056 265.0171  36.6709  2.13102193 60571
COSMOS 2485 (747)       
1 39155U 13019A   19228.74814514  .00000002  00000-0  00000+0 0  9994
2 39155  64.6749 157.7035 0020530 237.7733 350.7461  2.13101999 49083
COSMOS 2492 (754)       
1 39620U 14012A   19228.48027843 -.00000044  00000-0  10000-3 0  9999
2 39620  65.6523  37.8943 0012108 333.9639  84.1459  2.13103283 42034
COSMOS 2500 (755)       
1 40001U 14032A   19228.64838711 -.00000044  00000-0  00000-0 0  9994
2 40001  65.5977  37.8272 0006205 184.8580 223.5198  2.13102603 40251
COSMOS 2501 (702K)      
1 40315U 14075A   19229.19523882  .00000022  00000-0  00000+0 0  9994
2 40315  64.0172 277.5484 0017640 209.0478  56.3107  2.13098669 36667
COSMOS 2514 (751)       
1 41330U 16008A   19228.77202916 -.00000044  00000-0  00000-0 0  9991
2 41330  65.3950  37.7703 0009160 201.8785 123.1482  2.13102974 27419
COSMOS 2516 (753)       
1 41554U 16032A   19228.61578013  .00000025  00000-0  00000-0 0  9991
2 41554  64.2392 277.5539 0014597 219.2697 236.4653  2.13101736 25029
COSMOS 2522 (752)       
1 42939U 17055A   19228.33706010  .00000026  00000-0  00000-0 0  9995
2 42939  64.4714 277.6529 0009422 241.3497 227.0598  2.13101934 14776
COSMOS 2527 (756)       
1 43508U 18053A   19228.75091316  .00000002  00000-0  00000+0 0  9992
2 43508  64.8378 157.4869 0008299 240.1553 217.0827  2.13102587  9078
COSMOS 2529 (757)       
1 43687U 18086A   19229.11938747  .00000023  00000-0  00000+0 0  9998
2 43687  64.6828 277.6662 0011427 263.6722  40.6120  2.13102055  6090
COSMOS 2534 (758)       
1 44299U 19030A   19228.54085367  .00000026  00000-0  00000+0 0  9998
2 44299  64.7536 277.4749 0014118 281.8697  73.7884  2.13101927  1720
